  workforce-timesheets.vue             |       0 |        0 |       0 |       0 | 109-383                                                                                                                         
  wrapped.vue                          |       0 |        0 |       0 |       0 | 34-93                                                                                                                           
 pages/events/deposit                  |   83.01 |    56.52 |   78.94 |   87.75 |                                                                                                                                 
  _token.vue                           |   83.01 |    56.52 |   78.94 |   87.75 | 210,217,223-225,255                                                                                                             
 pages/events/inquiry                  |   86.36 |    78.37 |   71.42 |   91.89 |                                                                                                                                 
  _store.vue                           |   86.36 |    78.37 |   71.42 |   91.89 | 183,190,249                                                                                                                     
 pages/events/proposal                 |   84.69 |    60.49 |   87.87 |   88.63 |                                                                                                                                 
  _token.vue                           |   84.69 |    60.49 |   87.87 |   88.63 | 430,483,499,510-511,521-523,594,602                                                                                             
 pages/kvittering/_id                  |       0 |        0 |       0 |       0 |                                                                                                                                 
  _token.vue                           |       0 |        0 |       0 |       0 | 17-37                                                                                                                           
 pages/meals                           |   87.09 |    80.41 |   91.42 |   95.09 |                                                                                                                                 
  join.vue                             |   87.09 |    80.41 |   91.42 |   95.09 | 471,478,489,602-603                                                                                                             
 pages/offer                           |       0 |        0 |       0 |       0 |                                                                                                                                 
  _code.vue                            |       0 |        0 |       0 |       0 | 217-430                                                                                                                         
  index.vue                            |       0 |      100 |       0 |       0 | 2-6                                                                                                                             
 pages/preferences                     |   82.58 |    61.25 |   81.39 |   89.36 |                                                                                                                                 
  communications.vue                   |   83.49 |    59.32 |   82.14 |   89.47 | 388-391,401-403,415,508,533,549-553                                                                                             
  unsubscribe.vue                      |   80.76 |    66.66 |      80 |   89.13 | 140-142,154,203                                                                                                                 
 pages/store                           |       0 |        0 |       0 |       0 |                                                                                                                                 
  _slug.vue                            |       0 |        0 |       0 |       0 | 57-105                                                                                                                          
  notfound.vue                         |       0 |        0 |       0 |       0 | 14-17                                                                                                                           
 pages/subscribe                       |   89.47 |    63.33 |   85.29 |   96.03 |                                                                                                                                 
  _store.vue                           |   89.83 |    56.75 |   84.21 |   94.23 | 228,249,319                                                                                                                     
  confirm.vue                          |   89.09 |    73.91 |   86.66 |   97.95 | 158                                                                                                                             
 pages/webshop                         |       0 |        0 |       0 |       0 |                                                                                                                                 
  3d.vue                               |       0 |        0 |       0 |       0 | 8                                                                                                                               
  checkout.vue                         |       0 |        0 |       0 |       0 | 8                                                                                                                               
  index.vue                            |       0 |        0 |       0 |       0 | 8                                                                                                                               
  mycards.vue                          |       0 |        0 |       0 |       0 | 8                                                                                                                               
  orders.vue                           |       0 |        0 |       0 |       0 | 8                                                                                                                               
  vipps.vue                            |       0 |        0 |       0 |       0 | 8                                                                                                                               
 pages/workforce                       |   78.09 |    82.89 |      75 |    83.9 |                                                                                                                                 
  join.vue                             |   78.09 |    82.89 |      75 |    83.9 | 456,463,503-508,535-549                                                                                                         
---------------------------------------|---------|----------|---------|---------|---------------------------------------------------------------------------------------------------------------------------------

Test Suites: 164 passed, 164 total
Tests:       3874 passed, 3874 total
Snapshots:   0 total
Time:        14.933 s
Ran all test suites.
